Task all data
-----------------------------
task_1474677180476_0094_m_000009 [u'MAP', 1474710833, 1474710843]
task_1474677180476_0094_m_000008 [u'MAP', 1474710833, 1474710855]
task_1474677180476_0094_m_000007 [u'MAP', 1474710833, 1474710854]
task_1474677180476_0094_m_000006 [u'MAP', 1474710833, 1474710855]
task_1474677180476_0093_m_000004 [u'MAP', 1474710752, 1474710799]
task_1474677180476_0094_m_000004 [u'MAP', 1474710833, 1474710855]
task_1474677180476_0094_m_000003 [u'MAP', 1474710833, 1474710856]
task_1474677180476_0094_m_000002 [u'MAP', 1474710833, 1474710856]
task_1474677180476_0093_m_000000 [u'MAP', 1474710752, 1474710815]
task_1474677180476_0093_m_000001 [u'MAP', 1474710752, 1474710812]
task_1474677180476_0096_m_000000 [u'MAP', 1474710889, 1474710895]
task_1474677180476_0094_m_000005 [u'MAP', 1474710833, 1474710852]
task_1474677180476_0093_m_000002 [u'MAP', 1474710752, 1474710815]
task_1474677180476_0095_m_000000 [u'MAP', 1474710869, 1474710883]
task_1474677180476_0095_m_000001 [u'MAP', 1474710869, 1474710882]
task_1474677180476_0095_m_000002 [u'MAP', 1474710869, 1474710880]
task_1474677180476_0093_m_000003 [u'MAP', 1474710752, 1474710798]
task_1474677180476_0094_m_000001 [u'MAP', 1474710833, 1474710855]
task_1474677180476_0094_m_000000 [u'MAP', 1474710833, 1474710857]
task_1474677180476_0095_m_000003 [u'MAP', 1474710869, 1474710879]
task_1474677180476_0097_m_000000 [u'MAP', 1474710908, 1474710914]
task_1474677180476_0096_r_000000 [u'REDUCE', 1474710889, 1474710902]
task_1474677180476_0097_r_000000 [u'REDUCE', 1474710908, 1474710919]


Task MAP data
-----------------------------
task_1474677180476_0095_m_000002 [1474710869, 1474710880]
task_1474677180476_0095_m_000001 [1474710869, 1474710882]
task_1474677180476_0094_m_000002 [1474710833, 1474710856]
task_1474677180476_0094_m_000009 [1474710833, 1474710843]
task_1474677180476_0094_m_000008 [1474710833, 1474710855]
task_1474677180476_0094_m_000007 [1474710833, 1474710854]
task_1474677180476_0094_m_000003 [1474710833, 1474710856]
task_1474677180476_0093_m_000004 [1474710752, 1474710799]
task_1474677180476_0094_m_000004 [1474710833, 1474710855]
task_1474677180476_0093_m_000002 [1474710752, 1474710815]
task_1474677180476_0093_m_000003 [1474710752, 1474710798]
task_1474677180476_0093_m_000000 [1474710752, 1474710815]
task_1474677180476_0093_m_000001 [1474710752, 1474710812]
task_1474677180476_0095_m_000000 [1474710869, 1474710883]
task_1474677180476_0094_m_000001 [1474710833, 1474710855]
task_1474677180476_0094_m_000006 [1474710833, 1474710855]
task_1474677180476_0094_m_000005 [1474710833, 1474710852]
task_1474677180476_0097_m_000000 [1474710908, 1474710914]
task_1474677180476_0094_m_000000 [1474710833, 1474710857]
task_1474677180476_0096_m_000000 [1474710889, 1474710895]
task_1474677180476_0095_m_000003 [1474710869, 1474710879]


Task Reduce data
-----------------------------
task_1474677180476_0096_r_000000 [1474710889, 1474710902]
task_1474677180476_0097_r_000000 [1474710908, 1474710919]


Min All data:  1474710752
Max All data:  1474710919
Min Map data:  1474710752
Max Map data:  1474710914
Min Reduce data:  1474710889
Max Reduce data:  1474710919
All data
5
5
5
5
5
5
5
5
5
5
5
5
5
5
5
5
5
5
5
5
5
5
5
5
5
5
5
5
5
5
5
5
5
5
5
5
5
5
5
5
5
5
5
5
5
5
5
4
3
3
3
3
3
3
3
3
3
3
3
3
3
2
2
2
0
0
0
0
0
0
0
0
0
0
0
0
0
0
0
0
0
10
10
10
10
10
10
10
10
10
10
10
9
9
9
9
9
9
9
9
9
8
8
7
3
1
0
0
0
0
0
0
0
0
0
0
0
4
4
4
4
4
4
4
4
4
4
4
3
2
2
1
0
0
0
0
0
2
2
2
2
2
2
2
1
1
1
1
1
1
1
0
0
0
0
0
2
2
2
2
2
2
2
1
1
1
1
1
0
Map data
5
5
5
5
5
5
5
5
5
5
5
5
5
5
5
5
5
5
5
5
5
5
5
5
5
5
5
5
5
5
5
5
5
5
5
5
5
5
5
5
5
5
5
5
5
5
5
4
3
3
3
3
3
3
3
3
3
3
3
3
3
2
2
2
0
0
0
0
0
0
0
0
0
0
0
0
0
0
0
0
0
10
10
10
10
10
10
10
10
10
10
10
9
9
9
9
9
9
9
9
9
8
8
7
3
1
0
0
0
0
0
0
0
0
0
0
0
4
4
4
4
4
4
4
4
4
4
4
3
2
2
1
0
0
0
0
0
1
1
1
1
1
1
1
0
0
0
0
0
0
0
0
0
0
0
0
1
1
1
1
1
1
1
0
0
0
0
0
0
Reduce data
0
0
0
0
0
0
0
0
0
0
0
0
0
0
0
0
0
0
0
0
0
0
0
0
0
0
0
0
0
0
0
0
0
0
0
0
0
0
0
0
0
0
0
0
0
0
0
0
0
0
0
0
0
0
0
0
0
0
0
0
0
0
0
0
0
0
0
0
0
0
0
0
0
0
0
0
0
0
0
0
0
0
0
0
0
0
0
0
0
0
0
0
0
0
0
0
0
0
0
0
0
0
0
0
0
0
0
0
0
0
0
0
0
0
0
0
0
0
0
0
0
0
0
0
0
0
0
0
0
0
0
0
0
0
0
0
0
1
1
1
1
1
1
1
1
1
1
1
1
1
1
0
0
0
0
0
1
1
1
1
1
1
1
1
1
1
1
1
0
Total Maps:  21
Total Reduces:  2
