Task all data
-----------------------------
task_1474677180476_0089_m_000009 [u'MAP', 1474710632, 1474710639]
task_1474677180476_0089_m_000008 [u'MAP', 1474710632, 1474710655]
task_1474677180476_0088_m_000004 [u'MAP', 1474710553, 1474710598]
task_1474677180476_0088_m_000002 [u'MAP', 1474710553, 1474710613]
task_1474677180476_0088_m_000003 [u'MAP', 1474710553, 1474710598]
task_1474677180476_0088_m_000000 [u'MAP', 1474710553, 1474710612]
task_1474677180476_0088_m_000001 [u'MAP', 1474710553, 1474710613]
task_1474677180476_0089_m_000001 [u'MAP', 1474710632, 1474710657]
task_1474677180476_0089_m_000000 [u'MAP', 1474710632, 1474710652]
task_1474677180476_0089_m_000003 [u'MAP', 1474710632, 1474710655]
task_1474677180476_0089_m_000002 [u'MAP', 1474710632, 1474710655]
task_1474677180476_0089_m_000005 [u'MAP', 1474710632, 1474710655]
task_1474677180476_0089_m_000004 [u'MAP', 1474710632, 1474710655]
task_1474677180476_0089_m_000007 [u'MAP', 1474710632, 1474710655]
task_1474677180476_0089_m_000006 [u'MAP', 1474710632, 1474710655]
task_1474677180476_0092_r_000000 [u'REDUCE', 1474710710, 1474710723]
task_1474677180476_0092_m_000000 [u'MAP', 1474710710, 1474710717]
task_1474677180476_0090_m_000003 [u'MAP', 1474710672, 1474710681]
task_1474677180476_0090_m_000002 [u'MAP', 1474710672, 1474710683]
task_1474677180476_0090_m_000001 [u'MAP', 1474710672, 1474710685]
task_1474677180476_0090_m_000000 [u'MAP', 1474710672, 1474710685]
task_1474677180476_0091_m_000000 [u'MAP', 1474710691, 1474710697]
task_1474677180476_0091_r_000000 [u'REDUCE', 1474710691, 1474710704]


Task MAP data
-----------------------------
task_1474677180476_0089_m_000009 [1474710632, 1474710639]
task_1474677180476_0089_m_000008 [1474710632, 1474710655]
task_1474677180476_0088_m_000004 [1474710553, 1474710598]
task_1474677180476_0090_m_000000 [1474710672, 1474710685]
task_1474677180476_0088_m_000002 [1474710553, 1474710613]
task_1474677180476_0088_m_000003 [1474710553, 1474710598]
task_1474677180476_0088_m_000000 [1474710553, 1474710612]
task_1474677180476_0088_m_000001 [1474710553, 1474710613]
task_1474677180476_0089_m_000001 [1474710632, 1474710657]
task_1474677180476_0089_m_000000 [1474710632, 1474710652]
task_1474677180476_0089_m_000003 [1474710632, 1474710655]
task_1474677180476_0089_m_000002 [1474710632, 1474710655]
task_1474677180476_0089_m_000005 [1474710632, 1474710655]
task_1474677180476_0089_m_000004 [1474710632, 1474710655]
task_1474677180476_0089_m_000007 [1474710632, 1474710655]
task_1474677180476_0089_m_000006 [1474710632, 1474710655]
task_1474677180476_0090_m_000003 [1474710672, 1474710681]
task_1474677180476_0091_m_000000 [1474710691, 1474710697]
task_1474677180476_0090_m_000001 [1474710672, 1474710685]
task_1474677180476_0092_m_000000 [1474710710, 1474710717]
task_1474677180476_0090_m_000002 [1474710672, 1474710683]


Task Reduce data
-----------------------------
task_1474677180476_0092_r_000000 [1474710710, 1474710723]
task_1474677180476_0091_r_000000 [1474710691, 1474710704]


Min All data:  1474710553
Max All data:  1474710723
Min Map data:  1474710553
Max Map data:  1474710717
Min Reduce data:  1474710691
Max Reduce data:  1474710723
All data
5
5
5
5
5
5
5
5
5
5
5
5
5
5
5
5
5
5
5
5
5
5
5
5
5
5
5
5
5
5
5
5
5
5
5
5
5
5
5
5
5
5
5
5
5
5
3
3
3
3
3
3
3
3
3
3
3
3
3
3
2
0
0
0
0
0
0
0
0
0
0
0
0
0
0
0
0
0
0
10
10
10
10
10
10
10
10
9
9
9
9
9
9
9
9
9
9
9
9
9
8
8
8
1
1
0
0
0
0
0
0
0
0
0
0
0
0
0
0
4
4
4
4
4
4
4
4
4
4
3
3
2
2
0
0
0
0
0
2
2
2
2
2
2
2
1
1
1
1
1
1
1
0
0
0
0
0
2
2
2
2
2
2
2
2
1
1
1
1
1
1
0
Map data
5
5
5
5
5
5
5
5
5
5
5
5
5
5
5
5
5
5
5
5
5
5
5
5
5
5
5
5
5
5
5
5
5
5
5
5
5
5
5
5
5
5
5
5
5
5
3
3
3
3
3
3
3
3
3
3
3
3
3
3
2
0
0
0
0
0
0
0
0
0
0
0
0
0
0
0
0
0
0
10
10
10
10
10
10
10
10
9
9
9
9
9
9
9
9
9
9
9
9
9
8
8
8
1
1
0
0
0
0
0
0
0
0
0
0
0
0
0
0
4
4
4
4
4
4
4
4
4
4
3
3
2
2
0
0
0
0
0
1
1
1
1
1
1
1
0
0
0
0
0
0
0
0
0
0
0
0
1
1
1
1
1
1
1
1
0
0
0
0
0
0
0
Reduce data
0
0
0
0
0
0
0
0
0
0
0
0
0
0
0
0
0
0
0
0
0
0
0
0
0
0
0
0
0
0
0
0
0
0
0
0
0
0
0
0
0
0
0
0
0
0
0
0
0
0
0
0
0
0
0
0
0
0
0
0
0
0
0
0
0
0
0
0
0
0
0
0
0
0
0
0
0
0
0
0
0
0
0
0
0
0
0
0
0
0
0
0
0
0
0
0
0
0
0
0
0
0
0
0
0
0
0
0
0
0
0
0
0
0
0
0
0
0
0
0
0
0
0
0
0
0
0
0
0
0
0
0
0
0
0
0
0
0
1
1
1
1
1
1
1
1
1
1
1
1
1
1
0
0
0
0
0
1
1
1
1
1
1
1
1
1
1
1
1
1
1
0
Total Maps:  21
Total Reduces:  2
