Task all data
-----------------------------
task_1474677180476_0105_m_000002 [u'MAP', 1474711275, 1474711286]
task_1474677180476_0105_m_000003 [u'MAP', 1474711275, 1474711284]
task_1474677180476_0105_m_000000 [u'MAP', 1474711275, 1474711287]
task_1474677180476_0105_m_000001 [u'MAP', 1474711275, 1474711289]
task_1474677180476_0103_m_000000 [u'MAP', 1474711156, 1474711214]
task_1474677180476_0103_m_000001 [u'MAP', 1474711156, 1474711217]
task_1474677180476_0103_m_000002 [u'MAP', 1474711156, 1474711214]
task_1474677180476_0103_m_000003 [u'MAP', 1474711156, 1474711206]
task_1474677180476_0103_m_000004 [u'MAP', 1474711156, 1474711199]
task_1474677180476_0106_r_000000 [u'REDUCE', 1474711296, 1474711309]
task_1474677180476_0107_m_000000 [u'MAP', 1474711315, 1474711321]
task_1474677180476_0106_m_000000 [u'MAP', 1474711296, 1474711303]
task_1474677180476_0104_m_000009 [u'MAP', 1474711239, 1474711245]
task_1474677180476_0104_m_000008 [u'MAP', 1474711239, 1474711261]
task_1474677180476_0104_m_000005 [u'MAP', 1474711239, 1474711262]
task_1474677180476_0104_m_000004 [u'MAP', 1474711239, 1474711261]
task_1474677180476_0104_m_000007 [u'MAP', 1474711239, 1474711259]
task_1474677180476_0104_m_000006 [u'MAP', 1474711239, 1474711261]
task_1474677180476_0104_m_000001 [u'MAP', 1474711239, 1474711264]
task_1474677180476_0104_m_000000 [u'MAP', 1474711239, 1474711264]
task_1474677180476_0104_m_000003 [u'MAP', 1474711239, 1474711261]
task_1474677180476_0104_m_000002 [u'MAP', 1474711239, 1474711262]
task_1474677180476_0107_r_000000 [u'REDUCE', 1474711315, 1474711327]


Task MAP data
-----------------------------
task_1474677180476_0105_m_000001 [1474711275, 1474711289]
task_1474677180476_0104_m_000009 [1474711239, 1474711245]
task_1474677180476_0104_m_000008 [1474711239, 1474711261]
task_1474677180476_0103_m_000001 [1474711156, 1474711217]
task_1474677180476_0104_m_000005 [1474711239, 1474711262]
task_1474677180476_0104_m_000004 [1474711239, 1474711261]
task_1474677180476_0104_m_000007 [1474711239, 1474711259]
task_1474677180476_0104_m_000006 [1474711239, 1474711261]
task_1474677180476_0104_m_000001 [1474711239, 1474711264]
task_1474677180476_0104_m_000000 [1474711239, 1474711264]
task_1474677180476_0104_m_000003 [1474711239, 1474711261]
task_1474677180476_0104_m_000002 [1474711239, 1474711262]
task_1474677180476_0103_m_000000 [1474711156, 1474711214]
task_1474677180476_0105_m_000002 [1474711275, 1474711286]
task_1474677180476_0103_m_000002 [1474711156, 1474711214]
task_1474677180476_0103_m_000003 [1474711156, 1474711206]
task_1474677180476_0103_m_000004 [1474711156, 1474711199]
task_1474677180476_0105_m_000003 [1474711275, 1474711284]
task_1474677180476_0107_m_000000 [1474711315, 1474711321]
task_1474677180476_0105_m_000000 [1474711275, 1474711287]
task_1474677180476_0106_m_000000 [1474711296, 1474711303]


Task Reduce data
-----------------------------
task_1474677180476_0106_r_000000 [1474711296, 1474711309]
task_1474677180476_0107_r_000000 [1474711315, 1474711327]


Min All data:  1474711156
Max All data:  1474711327
Min Map data:  1474711156
Max Map data:  1474711321
Min Reduce data:  1474711296
Max Reduce data:  1474711327
All data
5
5
5
5
5
5
5
5
5
5
5
5
5
5
5
5
5
5
5
5
5
5
5
5
5
5
5
5
5
5
5
5
5
5
5
5
5
5
5
5
5
5
5
5
4
4
4
4
4
4
4
3
3
3
3
3
3
3
3
1
1
1
0
0
0
0
0
0
0
0
0
0
0
0
0
0
0
0
0
0
0
0
0
10
10
10
10
10
10
10
9
9
9
9
9
9
9
9
9
9
9
9
9
9
8
8
4
2
2
0
0
0
0
0
0
0
0
0
0
4
4
4
4
4
4
4
4
4
4
3
3
2
1
1
0
0
0
0
0
0
2
2
2
2
2
2
2
2
1
1
1
1
1
1
0
0
0
0
0
2
2
2
2
2
2
2
1
1
1
1
1
1
0
Map data
5
5
5
5
5
5
5
5
5
5
5
5
5
5
5
5
5
5
5
5
5
5
5
5
5
5
5
5
5
5
5
5
5
5
5
5
5
5
5
5
5
5
5
5
4
4
4
4
4
4
4
3
3
3
3
3
3
3
3
1
1
1
0
0
0
0
0
0
0
0
0
0
0
0
0
0
0
0
0
0
0
0
0
10
10
10
10
10
10
10
9
9
9
9
9
9
9
9
9
9
9
9
9
9
8
8
4
2
2
0
0
0
0
0
0
0
0
0
0
4
4
4
4
4
4
4
4
4
4
3
3
2
1
1
0
0
0
0
0
0
1
1
1
1
1
1
1
1
0
0
0
0
0
0
0
0
0
0
0
1
1
1
1
1
1
1
0
0
0
0
0
0
0
Reduce data
0
0
0
0
0
0
0
0
0
0
0
0
0
0
0
0
0
0
0
0
0
0
0
0
0
0
0
0
0
0
0
0
0
0
0
0
0
0
0
0
0
0
0
0
0
0
0
0
0
0
0
0
0
0
0
0
0
0
0
0
0
0
0
0
0
0
0
0
0
0
0
0
0
0
0
0
0
0
0
0
0
0
0
0
0
0
0
0
0
0
0
0
0
0
0
0
0
0
0
0
0
0
0
0
0
0
0
0
0
0
0
0
0
0
0
0
0
0
0
0
0
0
0
0
0
0
0
0
0
0
0
0
0
0
0
0
0
0
0
0
1
1
1
1
1
1
1
1
1
1
1
1
1
1
0
0
0
0
0
1
1
1
1
1
1
1
1
1
1
1
1
1
0
Total Maps:  21
Total Reduces:  2
