Task all data
-----------------------------
task_1474677180476_0081_m_000000 [u'MAP', 1474710262, 1474710271]
task_1474677180476_0079_m_000019 [u'MAP', 1474710192, 1474710219]
task_1474677180476_0079_m_000018 [u'MAP', 1474710192, 1474710218]
task_1474677180476_0081_m_000003 [u'MAP', 1474710262, 1474710271]
task_1474677180476_0081_m_000002 [u'MAP', 1474710262, 1474710270]
task_1474677180476_0079_m_000011 [u'MAP', 1474710192, 1474710219]
task_1474677180476_0079_m_000010 [u'MAP', 1474710192, 1474710208]
task_1474677180476_0079_m_000013 [u'MAP', 1474710192, 1474710207]
task_1474677180476_0079_m_000012 [u'MAP', 1474710192, 1474710219]
task_1474677180476_0079_m_000015 [u'MAP', 1474710192, 1474710219]
task_1474677180476_0079_m_000014 [u'MAP', 1474710192, 1474710219]
task_1474677180476_0079_m_000017 [u'MAP', 1474710192, 1474710207]
task_1474677180476_0079_m_000016 [u'MAP', 1474710192, 1474710207]
task_1474677180476_0083_m_000000 [u'MAP', 1474710303, 1474710308]
task_1474677180476_0081_r_000000 [u'REDUCE', 1474710262, 1474710277]
task_1474677180476_0083_r_000000 [u'REDUCE', 1474710303, 1474710314]
task_1474677180476_0082_r_000000 [u'REDUCE', 1474710284, 1474710297]
task_1474677180476_0082_m_000000 [u'MAP', 1474710284, 1474710290]
task_1474677180476_0080_m_000006 [u'MAP', 1474710242, 1474710253]
task_1474677180476_0080_m_000004 [u'MAP', 1474710242, 1474710256]
task_1474677180476_0080_m_000005 [u'MAP', 1474710242, 1474710256]
task_1474677180476_0080_m_000002 [u'MAP', 1474710242, 1474710253]
task_1474677180476_0080_m_000003 [u'MAP', 1474710242, 1474710252]
task_1474677180476_0080_m_000000 [u'MAP', 1474710242, 1474710256]
task_1474677180476_0080_m_000001 [u'MAP', 1474710242, 1474710254]
task_1474677180476_0079_m_000006 [u'MAP', 1474710192, 1474710206]
task_1474677180476_0079_m_000007 [u'MAP', 1474710192, 1474710207]
task_1474677180476_0079_m_000004 [u'MAP', 1474710192, 1474710208]
task_1474677180476_0079_m_000005 [u'MAP', 1474710192, 1474710206]
task_1474677180476_0079_m_000002 [u'MAP', 1474710192, 1474710206]
task_1474677180476_0079_m_000003 [u'MAP', 1474710192, 1474710207]
task_1474677180476_0079_m_000000 [u'MAP', 1474710191, 1474710220]
task_1474677180476_0079_m_000001 [u'MAP', 1474710192, 1474710206]
task_1474677180476_0079_m_000008 [u'MAP', 1474710192, 1474710207]
task_1474677180476_0079_m_000009 [u'MAP', 1474710192, 1474710207]
task_1474677180476_0079_m_000020 [u'MAP', 1474710192, 1474710207]
task_1474677180476_0081_m_000001 [u'MAP', 1474710262, 1474710271]
task_1474677180476_0079_m_000021 [u'MAP', 1474710192, 1474710207]
task_1474677180476_0079_m_000022 [u'MAP', 1474710192, 1474710220]
task_1474677180476_0079_m_000023 [u'MAP', 1474710192, 1474710207]
task_1474677180476_0079_m_000024 [u'MAP', 1474710192, 1474710218]
task_1474677180476_0079_m_000025 [u'MAP', 1474710192, 1474710214]


Task MAP data
-----------------------------
task_1474677180476_0081_m_000000 [1474710262, 1474710271]
task_1474677180476_0079_m_000019 [1474710192, 1474710219]
task_1474677180476_0079_m_000018 [1474710192, 1474710218]
task_1474677180476_0081_m_000003 [1474710262, 1474710271]
task_1474677180476_0081_m_000002 [1474710262, 1474710270]
task_1474677180476_0079_m_000011 [1474710192, 1474710219]
task_1474677180476_0079_m_000010 [1474710192, 1474710208]
task_1474677180476_0079_m_000013 [1474710192, 1474710207]
task_1474677180476_0079_m_000012 [1474710192, 1474710219]
task_1474677180476_0079_m_000015 [1474710192, 1474710219]
task_1474677180476_0079_m_000014 [1474710192, 1474710219]
task_1474677180476_0079_m_000017 [1474710192, 1474710207]
task_1474677180476_0079_m_000016 [1474710192, 1474710207]
task_1474677180476_0083_m_000000 [1474710303, 1474710308]
task_1474677180476_0082_m_000000 [1474710284, 1474710290]
task_1474677180476_0080_m_000006 [1474710242, 1474710253]
task_1474677180476_0080_m_000004 [1474710242, 1474710256]
task_1474677180476_0080_m_000005 [1474710242, 1474710256]
task_1474677180476_0080_m_000002 [1474710242, 1474710253]
task_1474677180476_0080_m_000003 [1474710242, 1474710252]
task_1474677180476_0080_m_000000 [1474710242, 1474710256]
task_1474677180476_0080_m_000001 [1474710242, 1474710254]
task_1474677180476_0079_m_000006 [1474710192, 1474710206]
task_1474677180476_0079_m_000007 [1474710192, 1474710207]
task_1474677180476_0079_m_000004 [1474710192, 1474710208]
task_1474677180476_0079_m_000005 [1474710192, 1474710206]
task_1474677180476_0079_m_000002 [1474710192, 1474710206]
task_1474677180476_0079_m_000003 [1474710192, 1474710207]
task_1474677180476_0079_m_000000 [1474710191, 1474710220]
task_1474677180476_0079_m_000001 [1474710192, 1474710206]
task_1474677180476_0079_m_000008 [1474710192, 1474710207]
task_1474677180476_0079_m_000009 [1474710192, 1474710207]
task_1474677180476_0079_m_000020 [1474710192, 1474710207]
task_1474677180476_0081_m_000001 [1474710262, 1474710271]
task_1474677180476_0079_m_000021 [1474710192, 1474710207]
task_1474677180476_0079_m_000022 [1474710192, 1474710220]
task_1474677180476_0079_m_000023 [1474710192, 1474710207]
task_1474677180476_0079_m_000024 [1474710192, 1474710218]
task_1474677180476_0079_m_000025 [1474710192, 1474710214]


Task Reduce data
-----------------------------
task_1474677180476_0081_r_000000 [1474710262, 1474710277]
task_1474677180476_0082_r_000000 [1474710284, 1474710297]
task_1474677180476_0083_r_000000 [1474710303, 1474710314]


Min All data:  1474710191
Max All data:  1474710314
Min Map data:  1474710191
Max Map data:  1474710308
Min Reduce data:  1474710262
Max Reduce data:  1474710314
All data
1
26
26
26
26
26
26
26
26
26
26
26
26
26
26
26
22
12
10
10
10
10
10
10
9
9
9
9
7
2
0
0
0
0
0
0
0
0
0
0
0
0
0
0
0
0
0
0
0
0
0
7
7
7
7
7
7
7
7
7
7
7
6
4
3
3
0
0
0
0
0
5
5
5
5
5
5
5
5
5
4
1
1
1
1
1
1
0
0
0
0
0
0
2
2
2
2
2
2
2
1
1
1
1
1
1
1
0
0
0
0
0
2
2
2
2
2
2
1
1
1
1
1
1
0
Map data
1
26
26
26
26
26
26
26
26
26
26
26
26
26
26
26
22
12
10
10
10
10
10
10
9
9
9
9
7
2
0
0
0
0
0
0
0
0
0
0
0
0
0
0
0
0
0
0
0
0
0
7
7
7
7
7
7
7
7
7
7
7
6
4
3
3
0
0
0
0
0
4
4
4
4
4
4
4
4
4
3
0
0
0
0
0
0
0
0
0
0
0
0
1
1
1
1
1
1
1
0
0
0
0
0
0
0
0
0
0
0
0
1
1
1
1
1
1
0
0
0
0
0
0
0
Reduce data
0
0
0
0
0
0
0
0
0
0
0
0
0
0
0
0
0
0
0
0
0
0
0
0
0
0
0
0
0
0
0
0
0
0
0
0
0
0
0
0
0
0
0
0
0
0
0
0
0
0
0
0
0
0
0
0
0
0
0
0
0
0
0
0
0
0
0
0
0
0
0
1
1
1
1
1
1
1
1
1
1
1
1
1
1
1
1
0
0
0
0
0
0
1
1
1
1
1
1
1
1
1
1
1
1
1
1
0
0
0
0
0
1
1
1
1
1
1
1
1
1
1
1
1
0
Total Maps:  39
Total Reduces:  3
