Task all data
-----------------------------
task_1474677180476_0069_m_000025 [u'MAP', 1474709907, 1474709930]
task_1474677180476_0069_m_000024 [u'MAP', 1474709907, 1474709933]
task_1474677180476_0069_m_000021 [u'MAP', 1474709907, 1474709922]
task_1474677180476_0069_m_000020 [u'MAP', 1474709907, 1474709923]
task_1474677180476_0069_m_000023 [u'MAP', 1474709907, 1474709922]
task_1474677180476_0069_m_000022 [u'MAP', 1474709907, 1474709933]
task_1474677180476_0069_m_000018 [u'MAP', 1474709907, 1474709932]
task_1474677180476_0069_m_000019 [u'MAP', 1474709907, 1474709933]
task_1474677180476_0072_r_000000 [u'REDUCE', 1474709991, 1474710003]
task_1474677180476_0070_m_000006 [u'MAP', 1474709947, 1474709955]
task_1474677180476_0069_m_000014 [u'MAP', 1474709907, 1474709933]
task_1474677180476_0069_m_000015 [u'MAP', 1474709907, 1474709932]
task_1474677180476_0069_m_000016 [u'MAP', 1474709907, 1474709922]
task_1474677180476_0069_m_000017 [u'MAP', 1474709907, 1474709922]
task_1474677180476_0069_m_000010 [u'MAP', 1474709907, 1474709922]
task_1474677180476_0069_m_000011 [u'MAP', 1474709907, 1474709932]
task_1474677180476_0069_m_000012 [u'MAP', 1474709907, 1474709933]
task_1474677180476_0069_m_000013 [u'MAP', 1474709907, 1474709922]
task_1474677180476_0072_m_000000 [u'MAP', 1474709991, 1474709997]
task_1474677180476_0073_m_000000 [u'MAP', 1474710009, 1474710015]
task_1474677180476_0071_m_000002 [u'MAP', 1474709969, 1474709978]
task_1474677180476_0071_m_000003 [u'MAP', 1474709969, 1474709978]
task_1474677180476_0071_m_000000 [u'MAP', 1474709969, 1474709978]
task_1474677180476_0071_m_000001 [u'MAP', 1474709969, 1474709978]
task_1474677180476_0070_m_000001 [u'MAP', 1474709947, 1474709962]
task_1474677180476_0070_m_000000 [u'MAP', 1474709947, 1474709962]
task_1474677180476_0070_m_000003 [u'MAP', 1474709947, 1474709957]
task_1474677180476_0070_m_000002 [u'MAP', 1474709947, 1474709958]
task_1474677180476_0070_m_000005 [u'MAP', 1474709947, 1474709962]
task_1474677180476_0070_m_000004 [u'MAP', 1474709947, 1474709963]
task_1474677180476_0069_m_000009 [u'MAP', 1474709907, 1474709922]
task_1474677180476_0069_m_000008 [u'MAP', 1474709907, 1474709922]
task_1474677180476_0069_m_000007 [u'MAP', 1474709907, 1474709922]
task_1474677180476_0069_m_000006 [u'MAP', 1474709907, 1474709921]
task_1474677180476_0069_m_000005 [u'MAP', 1474709907, 1474709922]
task_1474677180476_0069_m_000004 [u'MAP', 1474709907, 1474709922]
task_1474677180476_0069_m_000003 [u'MAP', 1474709907, 1474709923]
task_1474677180476_0069_m_000002 [u'MAP', 1474709907, 1474709922]
task_1474677180476_0069_m_000001 [u'MAP', 1474709907, 1474709921]
task_1474677180476_0069_m_000000 [u'MAP', 1474709907, 1474709934]
task_1474677180476_0073_r_000000 [u'REDUCE', 1474710009, 1474710021]
task_1474677180476_0071_r_000000 [u'REDUCE', 1474709969, 1474709984]


Task MAP data
-----------------------------
task_1474677180476_0069_m_000025 [1474709907, 1474709930]
task_1474677180476_0069_m_000024 [1474709907, 1474709933]
task_1474677180476_0069_m_000021 [1474709907, 1474709922]
task_1474677180476_0069_m_000020 [1474709907, 1474709923]
task_1474677180476_0069_m_000023 [1474709907, 1474709922]
task_1474677180476_0069_m_000022 [1474709907, 1474709933]
task_1474677180476_0069_m_000018 [1474709907, 1474709932]
task_1474677180476_0069_m_000019 [1474709907, 1474709933]
task_1474677180476_0070_m_000006 [1474709947, 1474709955]
task_1474677180476_0069_m_000014 [1474709907, 1474709933]
task_1474677180476_0069_m_000015 [1474709907, 1474709932]
task_1474677180476_0069_m_000016 [1474709907, 1474709922]
task_1474677180476_0069_m_000017 [1474709907, 1474709922]
task_1474677180476_0069_m_000010 [1474709907, 1474709922]
task_1474677180476_0069_m_000011 [1474709907, 1474709932]
task_1474677180476_0069_m_000012 [1474709907, 1474709933]
task_1474677180476_0069_m_000013 [1474709907, 1474709922]
task_1474677180476_0072_m_000000 [1474709991, 1474709997]
task_1474677180476_0073_m_000000 [1474710009, 1474710015]
task_1474677180476_0071_m_000002 [1474709969, 1474709978]
task_1474677180476_0071_m_000003 [1474709969, 1474709978]
task_1474677180476_0071_m_000000 [1474709969, 1474709978]
task_1474677180476_0071_m_000001 [1474709969, 1474709978]
task_1474677180476_0070_m_000001 [1474709947, 1474709962]
task_1474677180476_0070_m_000000 [1474709947, 1474709962]
task_1474677180476_0070_m_000003 [1474709947, 1474709957]
task_1474677180476_0070_m_000002 [1474709947, 1474709958]
task_1474677180476_0070_m_000005 [1474709947, 1474709962]
task_1474677180476_0070_m_000004 [1474709947, 1474709963]
task_1474677180476_0069_m_000009 [1474709907, 1474709922]
task_1474677180476_0069_m_000008 [1474709907, 1474709922]
task_1474677180476_0069_m_000007 [1474709907, 1474709922]
task_1474677180476_0069_m_000006 [1474709907, 1474709921]
task_1474677180476_0069_m_000005 [1474709907, 1474709922]
task_1474677180476_0069_m_000004 [1474709907, 1474709922]
task_1474677180476_0069_m_000003 [1474709907, 1474709923]
task_1474677180476_0069_m_000002 [1474709907, 1474709922]
task_1474677180476_0069_m_000001 [1474709907, 1474709921]
task_1474677180476_0069_m_000000 [1474709907, 1474709934]


Task Reduce data
-----------------------------
task_1474677180476_0073_r_000000 [1474710009, 1474710021]
task_1474677180476_0071_r_000000 [1474709969, 1474709984]
task_1474677180476_0072_r_000000 [1474709991, 1474710003]


Min All data:  1474709907
Max All data:  1474710021
Min Map data:  1474709907
Max Map data:  1474710015
Min Reduce data:  1474709969
Max Reduce data:  1474710021
All data
26
26
26
26
26
26
26
26
26
26
26
26
26
26
26
24
12
10
10
10
10
10
10
10
9
9
6
1
0
0
0
0
0
0
0
0
0
0
0
0
7
7
7
7
7
7
7
7
7
6
6
5
4
4
4
4
1
0
0
0
0
0
5
5
5
5
5
5
5
5
5
5
1
1
1
1
1
1
0
0
0
0
0
0
2
2
2
2
2
2
2
1
1
1
1
1
1
0
0
0
0
0
2
2
2
2
2
2
2
1
1
1
1
1
1
0
Map data
26
26
26
26
26
26
26
26
26
26
26
26
26
26
26
24
12
10
10
10
10
10
10
10
9
9
6
1
0
0
0
0
0
0
0
0
0
0
0
0
7
7
7
7
7
7
7
7
7
6
6
5
4
4
4
4
1
0
0
0
0
0
4
4
4
4
4
4
4
4
4
4
0
0
0
0
0
0
0
0
0
0
0
0
1
1
1
1
1
1
1
0
0
0
0
0
0
0
0
0
0
0
1
1
1
1
1
1
1
0
0
0
0
0
0
0
Reduce data
0
0
0
0
0
0
0
0
0
0
0
0
0
0
0
0
0
0
0
0
0
0
0
0
0
0
0
0
0
0
0
0
0
0
0
0
0
0
0
0
0
0
0
0
0
0
0
0
0
0
0
0
0
0
0
0
0
0
0
0
0
0
1
1
1
1
1
1
1
1
1
1
1
1
1
1
1
1
0
0
0
0
0
0
1
1
1
1
1
1
1
1
1
1
1
1
1
0
0
0
0
0
1
1
1
1
1
1
1
1
1
1
1
1
1
0
Total Maps:  39
Total Reduces:  3
