   1       0 ram0 0 0 0 0 0 0 0 0 0 0 0
   1       1 ram1 0 0 0 0 0 0 0 0 0 0 0
   1       2 ram2 0 0 0 0 0 0 0 0 0 0 0
   1       3 ram3 0 0 0 0 0 0 0 0 0 0 0
   1       4 ram4 0 0 0 0 0 0 0 0 0 0 0
   1       5 ram5 0 0 0 0 0 0 0 0 0 0 0
   1       6 ram6 0 0 0 0 0 0 0 0 0 0 0
   1       7 ram7 0 0 0 0 0 0 0 0 0 0 0
   1       8 ram8 0 0 0 0 0 0 0 0 0 0 0
   1       9 ram9 0 0 0 0 0 0 0 0 0 0 0
   1      10 ram10 0 0 0 0 0 0 0 0 0 0 0
   1      11 ram11 0 0 0 0 0 0 0 0 0 0 0
   1      12 ram12 0 0 0 0 0 0 0 0 0 0 0
   1      13 ram13 0 0 0 0 0 0 0 0 0 0 0
   1      14 ram14 0 0 0 0 0 0 0 0 0 0 0
   1      15 ram15 0 0 0 0 0 0 0 0 0 0 0
   7       0 loop0 0 0 0 0 0 0 0 0 0 0 0
   7       1 loop1 0 0 0 0 0 0 0 0 0 0 0
   7       2 loop2 0 0 0 0 0 0 0 0 0 0 0
   7       3 loop3 0 0 0 0 0 0 0 0 0 0 0
   7       4 loop4 0 0 0 0 0 0 0 0 0 0 0
   7       5 loop5 0 0 0 0 0 0 0 0 0 0 0
   7       6 loop6 0 0 0 0 0 0 0 0 0 0 0
   7       7 loop7 0 0 0 0 0 0 0 0 0 0 0
   2       0 fd0 0 0 0 0 0 0 0 0 0 0 0
   8      16 sdb 2823 13073 33034 1612 36360 39375 426442680 107892 0 4156 109492
   8      17 sdb1 2468 13051 30018 1384 36224 39375 426442680 107808 0 3848 109180
   8       0 sda 579776 2 14799266 490980 60002 91141 2863640 1450660 0 383284 1941352
   8       1 sda1 579626 2 14798066 490948 59980 91141 2863640 1450444 0 383072 1941104
   8      32 sdc 379157 89 83943266 26422616 70665 19198 11481408 12499176 0 1042108 38921744
   8      33 sdc1 379007 89 83942066 26422248 63635 19198 11481408 12497044 0 1040924 38919736
