   1       0 ram0 0 0 0 0 0 0 0 0 0 0 0
   1       1 ram1 0 0 0 0 0 0 0 0 0 0 0
   1       2 ram2 0 0 0 0 0 0 0 0 0 0 0
   1       3 ram3 0 0 0 0 0 0 0 0 0 0 0
   1       4 ram4 0 0 0 0 0 0 0 0 0 0 0
   1       5 ram5 0 0 0 0 0 0 0 0 0 0 0
   1       6 ram6 0 0 0 0 0 0 0 0 0 0 0
   1       7 ram7 0 0 0 0 0 0 0 0 0 0 0
   1       8 ram8 0 0 0 0 0 0 0 0 0 0 0
   1       9 ram9 0 0 0 0 0 0 0 0 0 0 0
   1      10 ram10 0 0 0 0 0 0 0 0 0 0 0
   1      11 ram11 0 0 0 0 0 0 0 0 0 0 0
   1      12 ram12 0 0 0 0 0 0 0 0 0 0 0
   1      13 ram13 0 0 0 0 0 0 0 0 0 0 0
   1      14 ram14 0 0 0 0 0 0 0 0 0 0 0
   1      15 ram15 0 0 0 0 0 0 0 0 0 0 0
   7       0 loop0 0 0 0 0 0 0 0 0 0 0 0
   7       1 loop1 0 0 0 0 0 0 0 0 0 0 0
   7       2 loop2 0 0 0 0 0 0 0 0 0 0 0
   7       3 loop3 0 0 0 0 0 0 0 0 0 0 0
   7       4 loop4 0 0 0 0 0 0 0 0 0 0 0
   7       5 loop5 0 0 0 0 0 0 0 0 0 0 0
   7       6 loop6 0 0 0 0 0 0 0 0 0 0 0
   7       7 loop7 0 0 0 0 0 0 0 0 0 0 0
   2       0 fd0 0 0 0 0 0 0 0 0 0 0 0
   8       0 sda 152144 50 3673434 309324 8110 6458 426824 102672 0 170704 411956
   8       1 sda1 151994 50 3672234 309280 8108 6458 426824 102628 0 170636 411868
   8      16 sdb 2797 13070 32682 1340 30945 37645 426367112 105572 0 4160 106896
   8      17 sdb1 2444 13048 29682 1276 30898 37645 426367112 105340 0 3864 106600
   8      32 sdc 261206 72 53393340 13145200 163695 18118 38661904 29319768 0 1034176 42470296
   8      33 sdc1 261056 72 53392140 13144716 163655 18118 38661904 29319752 0 1033680 42464060
