All data 67
4
4
4
4
4
12
12
16
16
16
16
16
16
14
15
16
16
16
15
14
15
16
16
8
8
14
16
16
15
16
15
16
15
16
14
14
16
12
10
13
14
16
15
15
14
13
13
13
11
10
8
6
4
4
3
2
1
1
1
0
1
1
1
1
1
1
0
Map data 67
0
0
0
0
0
2
2
2
2
2
2
2
2
0
0
0
0
0
0
0
0
0
0
0
0
0
0
0
0
0
0
0
0
0
0
0
0
0
0
0
0
0
0
0
0
0
0
0
0
0
0
0
0
0
0
0
0
0
0
0
0
0
0
0
0
0
0
Reduce data 67
4
4
4
4
4
10
10
14
14
14
14
14
14
14
15
16
16
16
15
14
15
16
16
8
8
14
16
16
15
16
15
16
15
16
14
14
16
12
10
13
14
16
15
15
14
13
13
13
11
10
8
6
4
4
3
2
1
1
1
0
1
1
1
1
1
1
0
Total Maps:  2
