   1       0 ram0 0 0 0 0 0 0 0 0 0 0 0
   1       1 ram1 0 0 0 0 0 0 0 0 0 0 0
   1       2 ram2 0 0 0 0 0 0 0 0 0 0 0
   1       3 ram3 0 0 0 0 0 0 0 0 0 0 0
   1       4 ram4 0 0 0 0 0 0 0 0 0 0 0
   1       5 ram5 0 0 0 0 0 0 0 0 0 0 0
   1       6 ram6 0 0 0 0 0 0 0 0 0 0 0
   1       7 ram7 0 0 0 0 0 0 0 0 0 0 0
   1       8 ram8 0 0 0 0 0 0 0 0 0 0 0
   1       9 ram9 0 0 0 0 0 0 0 0 0 0 0
   1      10 ram10 0 0 0 0 0 0 0 0 0 0 0
   1      11 ram11 0 0 0 0 0 0 0 0 0 0 0
   1      12 ram12 0 0 0 0 0 0 0 0 0 0 0
   1      13 ram13 0 0 0 0 0 0 0 0 0 0 0
   1      14 ram14 0 0 0 0 0 0 0 0 0 0 0
   1      15 ram15 0 0 0 0 0 0 0 0 0 0 0
   7       0 loop0 0 0 0 0 0 0 0 0 0 0 0
   7       1 loop1 0 0 0 0 0 0 0 0 0 0 0
   7       2 loop2 0 0 0 0 0 0 0 0 0 0 0
   7       3 loop3 0 0 0 0 0 0 0 0 0 0 0
   7       4 loop4 0 0 0 0 0 0 0 0 0 0 0
   7       5 loop5 0 0 0 0 0 0 0 0 0 0 0
   7       6 loop6 0 0 0 0 0 0 0 0 0 0 0
   7       7 loop7 0 0 0 0 0 0 0 0 0 0 0
   2       0 fd0 0 0 0 0 0 0 0 0 0 0 0
   8      16 sdb 2869 13073 33402 1620 36546 39555 426448104 107944 0 4188 109552
   8      17 sdb1 2514 13051 30386 1392 36409 39555 426448104 107860 0 3880 109240
   8       0 sda 585821 2 14974442 492424 60580 91528 2879960 1452880 0 385852 1945016
   8       1 sda1 585671 2 14973242 492392 60557 91528 2879960 1452664 0 385640 1944768
   8      32 sdc 384586 91 84702570 26495624 71351 19696 11533784 12510376 0 1064672 39005948
   8      33 sdc1 384436 91 84701370 26495256 64234 19696 11533784 12508240 0 1063484 39003936
