Task all data
-----------------------------
task_1474677180476_0099_m_000008 [u'MAP', 1474711041, 1474711063]
task_1474677180476_0099_m_000009 [u'MAP', 1474711041, 1474711047]
task_1474677180476_0098_m_000002 [u'MAP', 1474710948, 1474711005]
task_1474677180476_0099_m_000000 [u'MAP', 1474711041, 1474711061]
task_1474677180476_0099_m_000001 [u'MAP', 1474711041, 1474711065]
task_1474677180476_0098_m_000001 [u'MAP', 1474710948, 1474711007]
task_1474677180476_0099_m_000003 [u'MAP', 1474711041, 1474711063]
task_1474677180476_0099_m_000004 [u'MAP', 1474711041, 1474711064]
task_1474677180476_0099_m_000005 [u'MAP', 1474711041, 1474711062]
task_1474677180476_0099_m_000006 [u'MAP', 1474711041, 1474711064]
task_1474677180476_0099_m_000007 [u'MAP', 1474711041, 1474711064]
task_1474677180476_0100_m_000001 [u'MAP', 1474711076, 1474711090]
task_1474677180476_0100_m_000000 [u'MAP', 1474711076, 1474711089]
task_1474677180476_0100_m_000003 [u'MAP', 1474711076, 1474711085]
task_1474677180476_0100_m_000002 [u'MAP', 1474711076, 1474711088]
task_1474677180476_0101_m_000000 [u'MAP', 1474711096, 1474711103]
task_1474677180476_0101_r_000000 [u'REDUCE', 1474711096, 1474711109]
task_1474677180476_0098_m_000004 [u'MAP', 1474710948, 1474710993]
task_1474677180476_0098_m_000003 [u'MAP', 1474710948, 1474710998]
task_1474677180476_0098_m_000000 [u'MAP', 1474710948, 1474711008]
task_1474677180476_0102_r_000000 [u'REDUCE', 1474711115, 1474711128]
task_1474677180476_0099_m_000002 [u'MAP', 1474711041, 1474711064]
task_1474677180476_0102_m_000000 [u'MAP', 1474711115, 1474711121]


Task MAP data
-----------------------------
task_1474677180476_0100_m_000001 [1474711076, 1474711090]
task_1474677180476_0100_m_000000 [1474711076, 1474711089]
task_1474677180476_0100_m_000003 [1474711076, 1474711085]
task_1474677180476_0099_m_000003 [1474711041, 1474711063]
task_1474677180476_0099_m_000009 [1474711041, 1474711047]
task_1474677180476_0099_m_000007 [1474711041, 1474711064]
task_1474677180476_0100_m_000002 [1474711076, 1474711088]
task_1474677180476_0099_m_000005 [1474711041, 1474711062]
task_1474677180476_0099_m_000008 [1474711041, 1474711063]
task_1474677180476_0099_m_000000 [1474711041, 1474711061]
task_1474677180476_0102_m_000000 [1474711115, 1474711121]
task_1474677180476_0099_m_000006 [1474711041, 1474711064]
task_1474677180476_0099_m_000001 [1474711041, 1474711065]
task_1474677180476_0098_m_000003 [1474710948, 1474710998]
task_1474677180476_0098_m_000002 [1474710948, 1474711005]
task_1474677180476_0098_m_000001 [1474710948, 1474711007]
task_1474677180476_0098_m_000000 [1474710948, 1474711008]
task_1474677180476_0099_m_000004 [1474711041, 1474711064]
task_1474677180476_0099_m_000002 [1474711041, 1474711064]
task_1474677180476_0101_m_000000 [1474711096, 1474711103]
task_1474677180476_0098_m_000004 [1474710948, 1474710993]


Task Reduce data
-----------------------------
task_1474677180476_0101_r_000000 [1474711096, 1474711109]
task_1474677180476_0102_r_000000 [1474711115, 1474711128]


Min All data:  1474710948
Max All data:  1474711128
Min Map data:  1474710948
Max Map data:  1474711121
Min Reduce data:  1474711096
Max Reduce data:  1474711128
All data
5
5
5
5
5
5
5
5
5
5
5
5
5
5
5
5
5
5
5
5
5
5
5
5
5
5
5
5
5
5
5
5
5
5
5
5
5
5
5
5
5
5
5
5
5
5
4
4
4
4
4
3
3
3
3
3
3
3
2
2
1
0
0
0
0
0
0
0
0
0
0
0
0
0
0
0
0
0
0
0
0
0
0
0
0
0
0
0
0
0
0
0
0
10
10
10
10
10
10
10
9
9
9
9
9
9
9
9
9
9
9
9
9
9
8
7
5
1
0
0
0
0
0
0
0
0
0
0
4
4
4
4
4
4
4
4
4
4
3
3
3
2
1
0
0
0
0
0
2
2
2
2
2
2
2
2
1
1
1
1
1
1
0
0
0
0
0
2
2
2
2
2
2
2
1
1
1
1
1
1
1
0
Map data
5
5
5
5
5
5
5
5
5
5
5
5
5
5
5
5
5
5
5
5
5
5
5
5
5
5
5
5
5
5
5
5
5
5
5
5
5
5
5
5
5
5
5
5
5
5
4
4
4
4
4
3
3
3
3
3
3
3
2
2
1
0
0
0
0
0
0
0
0
0
0
0
0
0
0
0
0
0
0
0
0
0
0
0
0
0
0
0
0
0
0
0
0
10
10
10
10
10
10
10
9
9
9
9
9
9
9
9
9
9
9
9
9
9
8
7
5
1
0
0
0
0
0
0
0
0
0
0
4
4
4
4
4
4
4
4
4
4
3
3
3
2
1
0
0
0
0
0
1
1
1
1
1
1
1
1
0
0
0
0
0
0
0
0
0
0
0
1
1
1
1
1
1
1
0
0
0
0
0
0
0
0
Reduce data
0
0
0
0
0
0
0
0
0
0
0
0
0
0
0
0
0
0
0
0
0
0
0
0
0
0
0
0
0
0
0
0
0
0
0
0
0
0
0
0
0
0
0
0
0
0
0
0
0
0
0
0
0
0
0
0
0
0
0
0
0
0
0
0
0
0
0
0
0
0
0
0
0
0
0
0
0
0
0
0
0
0
0
0
0
0
0
0
0
0
0
0
0
0
0
0
0
0
0
0
0
0
0
0
0
0
0
0
0
0
0
0
0
0
0
0
0
0
0
0
0
0
0
0
0
0
0
0
0
0
0
0
0
0
0
0
0
0
0
0
0
0
0
0
0
0
0
0
1
1
1
1
1
1
1
1
1
1
1
1
1
1
0
0
0
0
0
1
1
1
1
1
1
1
1
1
1
1
1
1
1
0
Total Maps:  21
Total Reduces:  2
