Task all data
-----------------------------
task_1474677180476_0078_m_000000 [u'MAP', 1474710151, 1474710157]
task_1474677180476_0078_r_000000 [u'REDUCE', 1474710151, 1474710162]
task_1474677180476_0074_m_000018 [u'MAP', 1474710050, 1474710076]
task_1474677180476_0074_m_000019 [u'MAP', 1474710050, 1474710077]
task_1474677180476_0077_m_000000 [u'MAP', 1474710133, 1474710139]
task_1474677180476_0074_m_000012 [u'MAP', 1474710050, 1474710077]
task_1474677180476_0074_m_000013 [u'MAP', 1474710050, 1474710066]
task_1474677180476_0074_m_000010 [u'MAP', 1474710050, 1474710066]
task_1474677180476_0074_m_000011 [u'MAP', 1474710050, 1474710075]
task_1474677180476_0074_m_000016 [u'MAP', 1474710050, 1474710066]
task_1474677180476_0074_m_000017 [u'MAP', 1474710050, 1474710065]
task_1474677180476_0074_m_000014 [u'MAP', 1474710050, 1474710077]
task_1474677180476_0074_m_000015 [u'MAP', 1474710050, 1474710076]
task_1474677180476_0074_m_000022 [u'MAP', 1474710050, 1474710077]
task_1474677180476_0075_m_000002 [u'MAP', 1474710089, 1474710099]
task_1474677180476_0075_m_000003 [u'MAP', 1474710089, 1474710104]
task_1474677180476_0075_m_000000 [u'MAP', 1474710089, 1474710102]
task_1474677180476_0075_m_000001 [u'MAP', 1474710089, 1474710104]
task_1474677180476_0075_m_000006 [u'MAP', 1474710089, 1474710099]
task_1474677180476_0075_m_000004 [u'MAP', 1474710089, 1474710104]
task_1474677180476_0075_m_000005 [u'MAP', 1474710089, 1474710103]
task_1474677180476_0074_m_000023 [u'MAP', 1474710050, 1474710065]
task_1474677180476_0076_r_000000 [u'REDUCE', 1474710112, 1474710127]
task_1474677180476_0076_m_000003 [u'MAP', 1474710112, 1474710120]
task_1474677180476_0076_m_000002 [u'MAP', 1474710112, 1474710120]
task_1474677180476_0076_m_000001 [u'MAP', 1474710112, 1474710120]
task_1474677180476_0076_m_000000 [u'MAP', 1474710112, 1474710121]
task_1474677180476_0074_m_000025 [u'MAP', 1474710050, 1474710072]
task_1474677180476_0074_m_000024 [u'MAP', 1474710050, 1474710075]
task_1474677180476_0074_m_000009 [u'MAP', 1474710050, 1474710066]
task_1474677180476_0074_m_000008 [u'MAP', 1474710050, 1474710066]
task_1474677180476_0074_m_000021 [u'MAP', 1474710050, 1474710066]
task_1474677180476_0074_m_000020 [u'MAP', 1474710050, 1474710066]
task_1474677180476_0074_m_000005 [u'MAP', 1474710050, 1474710065]
task_1474677180476_0074_m_000004 [u'MAP', 1474710050, 1474710066]
task_1474677180476_0074_m_000007 [u'MAP', 1474710050, 1474710065]
task_1474677180476_0074_m_000006 [u'MAP', 1474710050, 1474710065]
task_1474677180476_0074_m_000001 [u'MAP', 1474710050, 1474710065]
task_1474677180476_0074_m_000000 [u'MAP', 1474710050, 1474710078]
task_1474677180476_0074_m_000003 [u'MAP', 1474710050, 1474710066]
task_1474677180476_0074_m_000002 [u'MAP', 1474710050, 1474710065]
task_1474677180476_0077_r_000000 [u'REDUCE', 1474710133, 1474710145]


Task MAP data
-----------------------------
task_1474677180476_0078_m_000000 [1474710151, 1474710157]
task_1474677180476_0074_m_000018 [1474710050, 1474710076]
task_1474677180476_0074_m_000019 [1474710050, 1474710077]
task_1474677180476_0077_m_000000 [1474710133, 1474710139]
task_1474677180476_0074_m_000012 [1474710050, 1474710077]
task_1474677180476_0074_m_000013 [1474710050, 1474710066]
task_1474677180476_0074_m_000010 [1474710050, 1474710066]
task_1474677180476_0074_m_000011 [1474710050, 1474710075]
task_1474677180476_0074_m_000016 [1474710050, 1474710066]
task_1474677180476_0074_m_000017 [1474710050, 1474710065]
task_1474677180476_0074_m_000014 [1474710050, 1474710077]
task_1474677180476_0074_m_000015 [1474710050, 1474710076]
task_1474677180476_0074_m_000022 [1474710050, 1474710077]
task_1474677180476_0075_m_000002 [1474710089, 1474710099]
task_1474677180476_0075_m_000003 [1474710089, 1474710104]
task_1474677180476_0075_m_000000 [1474710089, 1474710102]
task_1474677180476_0075_m_000001 [1474710089, 1474710104]
task_1474677180476_0075_m_000006 [1474710089, 1474710099]
task_1474677180476_0075_m_000004 [1474710089, 1474710104]
task_1474677180476_0075_m_000005 [1474710089, 1474710103]
task_1474677180476_0074_m_000023 [1474710050, 1474710065]
task_1474677180476_0076_m_000003 [1474710112, 1474710120]
task_1474677180476_0076_m_000002 [1474710112, 1474710120]
task_1474677180476_0076_m_000001 [1474710112, 1474710120]
task_1474677180476_0076_m_000000 [1474710112, 1474710121]
task_1474677180476_0074_m_000025 [1474710050, 1474710072]
task_1474677180476_0074_m_000024 [1474710050, 1474710075]
task_1474677180476_0074_m_000009 [1474710050, 1474710066]
task_1474677180476_0074_m_000008 [1474710050, 1474710066]
task_1474677180476_0074_m_000021 [1474710050, 1474710066]
task_1474677180476_0074_m_000020 [1474710050, 1474710066]
task_1474677180476_0074_m_000005 [1474710050, 1474710065]
task_1474677180476_0074_m_000004 [1474710050, 1474710066]
task_1474677180476_0074_m_000007 [1474710050, 1474710065]
task_1474677180476_0074_m_000006 [1474710050, 1474710065]
task_1474677180476_0074_m_000001 [1474710050, 1474710065]
task_1474677180476_0074_m_000000 [1474710050, 1474710078]
task_1474677180476_0074_m_000003 [1474710050, 1474710066]
task_1474677180476_0074_m_000002 [1474710050, 1474710065]


Task Reduce data
-----------------------------
task_1474677180476_0078_r_000000 [1474710151, 1474710162]
task_1474677180476_0076_r_000000 [1474710112, 1474710127]
task_1474677180476_0077_r_000000 [1474710133, 1474710145]


Min All data:  1474710050
Max All data:  1474710162
Min Map data:  1474710050
Max Map data:  1474710157
Min Reduce data:  1474710112
Max Reduce data:  1474710162
All data
26
26
26
26
26
26
26
26
26
26
26
26
26
26
26
26
19
10
10
10
10
10
10
9
9
9
7
5
1
0
0
0
0
0
0
0
0
0
0
7
7
7
7
7
7
7
7
7
7
7
5
5
5
4
3
0
0
0
0
0
0
0
5
5
5
5
5
5
5
5
5
2
1
1
1
1
1
1
0
0
0
0
0
2
2
2
2
2
2
2
1
1
1
1
1
1
0
0
0
0
0
2
2
2
2
2
2
2
1
1
1
1
1
0
Map data
26
26
26
26
26
26
26
26
26
26
26
26
26
26
26
26
19
10
10
10
10
10
10
9
9
9
7
5
1
0
0
0
0
0
0
0
0
0
0
7
7
7
7
7
7
7
7
7
7
7
5
5
5
4
3
0
0
0
0
0
0
0
4
4
4
4
4
4
4
4
4
1
0
0
0
0
0
0
0
0
0
0
0
1
1
1
1
1
1
1
0
0
0
0
0
0
0
0
0
0
0
1
1
1
1
1
1
1
0
0
0
0
0
0
Reduce data
0
0
0
0
0
0
0
0
0
0
0
0
0
0
0
0
0
0
0
0
0
0
0
0
0
0
0
0
0
0
0
0
0
0
0
0
0
0
0
0
0
0
0
0
0
0
0
0
0
0
0
0
0
0
0
0
0
0
0
0
0
0
1
1
1
1
1
1
1
1
1
1
1
1
1
1
1
1
0
0
0
0
0
1
1
1
1
1
1
1
1
1
1
1
1
1
0
0
0
0
0
1
1
1
1
1
1
1
1
1
1
1
1
0
Total Maps:  39
Total Reduces:  3
