Task all data
-----------------------------
task_1474677180476_0066_r_000000 [u'REDUCE', 1474709826, 1474709841]
task_1474677180476_0065_m_000003 [u'MAP', 1474709805, 1474709819]
task_1474677180476_0066_m_000002 [u'MAP', 1474709826, 1474709835]
task_1474677180476_0066_m_000003 [u'MAP', 1474709826, 1474709834]
task_1474677180476_0066_m_000000 [u'MAP', 1474709826, 1474709835]
task_1474677180476_0066_m_000001 [u'MAP', 1474709826, 1474709835]
task_1474677180476_0067_m_000000 [u'MAP', 1474709847, 1474709853]
task_1474677180476_0065_m_000006 [u'MAP', 1474709805, 1474709814]
task_1474677180476_0068_m_000000 [u'MAP', 1474709866, 1474709872]
task_1474677180476_0064_m_000019 [u'MAP', 1474709756, 1474709782]
task_1474677180476_0064_m_000018 [u'MAP', 1474709756, 1474709783]
task_1474677180476_0064_m_000013 [u'MAP', 1474709756, 1474709771]
task_1474677180476_0064_m_000012 [u'MAP', 1474709756, 1474709781]
task_1474677180476_0064_m_000011 [u'MAP', 1474709756, 1474709781]
task_1474677180476_0064_m_000010 [u'MAP', 1474709756, 1474709772]
task_1474677180476_0064_m_000017 [u'MAP', 1474709756, 1474709771]
task_1474677180476_0064_m_000016 [u'MAP', 1474709756, 1474709771]
task_1474677180476_0064_m_000015 [u'MAP', 1474709756, 1474709781]
task_1474677180476_0064_m_000014 [u'MAP', 1474709756, 1474709781]
task_1474677180476_0065_m_000005 [u'MAP', 1474709805, 1474709819]
task_1474677180476_0067_r_000000 [u'REDUCE', 1474709847, 1474709860]
task_1474677180476_0065_m_000001 [u'MAP', 1474709805, 1474709819]
task_1474677180476_0065_m_000002 [u'MAP', 1474709805, 1474709816]
task_1474677180476_0065_m_000000 [u'MAP', 1474709805, 1474709820]
task_1474677180476_0064_m_000024 [u'MAP', 1474709756, 1474709783]
task_1474677180476_0064_m_000007 [u'MAP', 1474709756, 1474709771]
task_1474677180476_0064_m_000025 [u'MAP', 1474709756, 1474709778]
task_1474677180476_0065_m_000004 [u'MAP', 1474709805, 1474709815]
task_1474677180476_0064_m_000022 [u'MAP', 1474709756, 1474709782]
task_1474677180476_0068_r_000000 [u'REDUCE', 1474709866, 1474709878]
task_1474677180476_0064_m_000023 [u'MAP', 1474709756, 1474709770]
task_1474677180476_0064_m_000008 [u'MAP', 1474709756, 1474709771]
task_1474677180476_0064_m_000009 [u'MAP', 1474709756, 1474709771]
task_1474677180476_0064_m_000006 [u'MAP', 1474709756, 1474709770]
task_1474677180476_0064_m_000000 [u'MAP', 1474709756, 1474709783]
task_1474677180476_0064_m_000001 [u'MAP', 1474709756, 1474709771]
task_1474677180476_0064_m_000002 [u'MAP', 1474709756, 1474709771]
task_1474677180476_0064_m_000003 [u'MAP', 1474709756, 1474709772]
task_1474677180476_0064_m_000004 [u'MAP', 1474709756, 1474709772]
task_1474677180476_0064_m_000005 [u'MAP', 1474709756, 1474709771]
task_1474677180476_0064_m_000020 [u'MAP', 1474709756, 1474709771]
task_1474677180476_0064_m_000021 [u'MAP', 1474709756, 1474709771]


Task MAP data
-----------------------------
task_1474677180476_0065_m_000000 [1474709805, 1474709820]
task_1474677180476_0065_m_000003 [1474709805, 1474709819]
task_1474677180476_0066_m_000002 [1474709826, 1474709835]
task_1474677180476_0066_m_000003 [1474709826, 1474709834]
task_1474677180476_0066_m_000000 [1474709826, 1474709835]
task_1474677180476_0066_m_000001 [1474709826, 1474709835]
task_1474677180476_0067_m_000000 [1474709847, 1474709853]
task_1474677180476_0065_m_000006 [1474709805, 1474709814]
task_1474677180476_0068_m_000000 [1474709866, 1474709872]
task_1474677180476_0064_m_000019 [1474709756, 1474709782]
task_1474677180476_0064_m_000018 [1474709756, 1474709783]
task_1474677180476_0064_m_000013 [1474709756, 1474709771]
task_1474677180476_0064_m_000012 [1474709756, 1474709781]
task_1474677180476_0064_m_000011 [1474709756, 1474709781]
task_1474677180476_0064_m_000010 [1474709756, 1474709772]
task_1474677180476_0064_m_000017 [1474709756, 1474709771]
task_1474677180476_0064_m_000016 [1474709756, 1474709771]
task_1474677180476_0064_m_000015 [1474709756, 1474709781]
task_1474677180476_0064_m_000014 [1474709756, 1474709781]
task_1474677180476_0065_m_000005 [1474709805, 1474709819]
task_1474677180476_0065_m_000001 [1474709805, 1474709819]
task_1474677180476_0065_m_000002 [1474709805, 1474709816]
task_1474677180476_0064_m_000024 [1474709756, 1474709783]
task_1474677180476_0064_m_000007 [1474709756, 1474709771]
task_1474677180476_0064_m_000025 [1474709756, 1474709778]
task_1474677180476_0065_m_000004 [1474709805, 1474709815]
task_1474677180476_0064_m_000022 [1474709756, 1474709782]
task_1474677180476_0064_m_000023 [1474709756, 1474709770]
task_1474677180476_0064_m_000008 [1474709756, 1474709771]
task_1474677180476_0064_m_000009 [1474709756, 1474709771]
task_1474677180476_0064_m_000006 [1474709756, 1474709770]
task_1474677180476_0064_m_000000 [1474709756, 1474709783]
task_1474677180476_0064_m_000001 [1474709756, 1474709771]
task_1474677180476_0064_m_000002 [1474709756, 1474709771]
task_1474677180476_0064_m_000003 [1474709756, 1474709772]
task_1474677180476_0064_m_000004 [1474709756, 1474709772]
task_1474677180476_0064_m_000005 [1474709756, 1474709771]
task_1474677180476_0064_m_000020 [1474709756, 1474709771]
task_1474677180476_0064_m_000021 [1474709756, 1474709771]


Task Reduce data
-----------------------------
task_1474677180476_0067_r_000000 [1474709847, 1474709860]
task_1474677180476_0066_r_000000 [1474709826, 1474709841]
task_1474677180476_0068_r_000000 [1474709866, 1474709878]


Min All data:  1474709756
Max All data:  1474709878
Min Map data:  1474709756
Max Map data:  1474709872
Min Reduce data:  1474709826
Max Reduce data:  1474709878
All data
26
26
26
26
26
26
26
26
26
26
26
26
26
26
26
24
13
10
10
10
10
10
10
9
9
9
5
3
0
0
0
0
0
0
0
0
0
0
0
0
0
0
0
0
0
0
0
0
0
7
7
7
7
7
7
7
7
7
7
6
5
4
4
4
1
0
0
0
0
0
5
5
5
5
5
5
5
5
5
4
1
1
1
1
1
1
0
0
0
0
0
2
2
2
2
2
2
2
1
1
1
1
1
1
1
0
0
0
0
0
2
2
2
2
2
2
2
1
1
1
1
1
1
0
Map data
26
26
26
26
26
26
26
26
26
26
26
26
26
26
26
24
13
10
10
10
10
10
10
9
9
9
5
3
0
0
0
0
0
0
0
0
0
0
0
0
0
0
0
0
0
0
0
0
0
7
7
7
7
7
7
7
7
7
7
6
5
4
4
4
1
0
0
0
0
0
4
4
4
4
4
4
4
4
4
3
0
0
0
0
0
0
0
0
0
0
0
1
1
1
1
1
1
1
0
0
0
0
0
0
0
0
0
0
0
0
1
1
1
1
1
1
1
0
0
0
0
0
0
0
Reduce data
0
0
0
0
0
0
0
0
0
0
0
0
0
0
0
0
0
0
0
0
0
0
0
0
0
0
0
0
0
0
0
0
0
0
0
0
0
0
0
0
0
0
0
0
0
0
0
0
0
0
0
0
0
0
0
0
0
0
0
0
0
0
0
0
0
0
0
0
0
0
1
1
1
1
1
1
1
1
1
1
1
1
1
1
1
1
0
0
0
0
0
1
1
1
1
1
1
1
1
1
1
1
1
1
1
0
0
0
0
0
1
1
1
1
1
1
1
1
1
1
1
1
1
0
Total Maps:  39
Total Reduces:  3
