Now using ./newfiles/job_1475271333482_0082-1475306496371-ubuntu-select++*%0A+from%28select+w_warehouse_nam...100%28Stage-1475306562792-5-0-SUCCEEDED-default-1475306500831.jhist
Now using ./newfiles/job_1475271333482_0083-1475306575013-ubuntu-select++*%0A+from%28select+w_warehouse_nam...100%28Stage-1475306606505-10-0-SUCCEEDED-default-1475306580662.jhist
Now using ./newfiles/job_1475271333482_0084-1475306621226-ubuntu-select++*%0A+from%28select+w_warehouse_nam...100%28Stage-1475306636285-3-0-SUCCEEDED-default-1475306623634.jhist
Now using ./newfiles/job_1475271333482_0085-1475306639815-ubuntu-select++*%0A+from%28select+w_warehouse_nam...100%28Stage-1475306657360-1-1-SUCCEEDED-default-1475306644084.jhist
Now using ./newfiles/job_1475271333482_0086-1475306659121-ubuntu-select++*%0A+from%28select+w_warehouse_nam...100%28Stage-1475306674909-1-1-SUCCEEDED-default-1475306663616.jhist
Task all data
-----------------------------
task_1475271333482_0082_m_000004 [u'MAP', 1475306500, 1475306546]
task_1475271333482_0082_m_000000 [u'MAP', 1475306500, 1475306562]
task_1475271333482_0083_m_000000 [u'MAP', 1475306580, 1475306605]
task_1475271333482_0086_r_000000 [u'REDUCE', 1475306663, 1475306674]
task_1475271333482_0082_m_000001 [u'MAP', 1475306500, 1475306560]
task_1475271333482_0084_m_000002 [u'MAP', 1475306623, 1475306632]
task_1475271333482_0083_m_000001 [u'MAP', 1475306580, 1475306606]
task_1475271333482_0082_m_000003 [u'MAP', 1475306500, 1475306552]
task_1475271333482_0086_m_000000 [u'MAP', 1475306663, 1475306669]
task_1475271333482_0083_m_000009 [u'MAP', 1475306580, 1475306589]
task_1475271333482_0083_m_000008 [u'MAP', 1475306580, 1475306600]
task_1475271333482_0083_m_000007 [u'MAP', 1475306580, 1475306605]
task_1475271333482_0083_m_000006 [u'MAP', 1475306580, 1475306605]
task_1475271333482_0083_m_000005 [u'MAP', 1475306580, 1475306604]
task_1475271333482_0083_m_000004 [u'MAP', 1475306580, 1475306604]
task_1475271333482_0083_m_000003 [u'MAP', 1475306580, 1475306604]
task_1475271333482_0083_m_000002 [u'MAP', 1475306580, 1475306605]
task_1475271333482_0084_m_000000 [u'MAP', 1475306623, 1475306636]
task_1475271333482_0084_m_000001 [u'MAP', 1475306623, 1475306635]
task_1475271333482_0082_m_000002 [u'MAP', 1475306500, 1475306561]
task_1475271333482_0085_m_000000 [u'MAP', 1475306644, 1475306650]
task_1475271333482_0085_r_000000 [u'REDUCE', 1475306644, 1475306657]


Task MAP data
-----------------------------
task_1475271333482_0085_m_000000 [1475306644, 1475306650]
task_1475271333482_0083_m_000004 [1475306580, 1475306604]
task_1475271333482_0086_m_000000 [1475306663, 1475306669]
task_1475271333482_0083_m_000003 [1475306580, 1475306604]
task_1475271333482_0084_m_000001 [1475306623, 1475306635]
task_1475271333482_0084_m_000000 [1475306623, 1475306636]
task_1475271333482_0083_m_000002 [1475306580, 1475306605]
task_1475271333482_0084_m_000002 [1475306623, 1475306632]
task_1475271333482_0083_m_000007 [1475306580, 1475306605]
task_1475271333482_0083_m_000001 [1475306580, 1475306606]
task_1475271333482_0083_m_000009 [1475306580, 1475306589]
task_1475271333482_0083_m_000008 [1475306580, 1475306600]
task_1475271333482_0082_m_000004 [1475306500, 1475306546]
task_1475271333482_0083_m_000006 [1475306580, 1475306605]
task_1475271333482_0083_m_000005 [1475306580, 1475306604]
task_1475271333482_0082_m_000003 [1475306500, 1475306552]
task_1475271333482_0082_m_000000 [1475306500, 1475306562]
task_1475271333482_0082_m_000001 [1475306500, 1475306560]
task_1475271333482_0082_m_000002 [1475306500, 1475306561]
task_1475271333482_0083_m_000000 [1475306580, 1475306605]


Task Reduce data
-----------------------------
task_1475271333482_0085_r_000000 [1475306644, 1475306657]
task_1475271333482_0086_r_000000 [1475306663, 1475306674]


Min All data:  1475306500
Max All data:  1475306674
Min Map data:  1475306500
Max Map data:  1475306669
Min Reduce data:  1475306644
Max Reduce data:  1475306674
All data
5
5
5
5
5
5
5
5
5
5
5
5
5
5
5
5
5
5
5
5
5
5
5
5
5
5
5
5
5
5
5
5
5
5
5
5
5
5
5
5
5
5
5
5
5
5
5
4
4
4
4
4
4
3
3
3
3
3
3
3
3
2
1
0
0
0
0
0
0
0
0
0
0
0
0
0
0
0
0
0
10
10
10
10
10
10
10
10
10
10
9
9
9
9
9
9
9
9
9
9
9
8
8
8
8
5
1
0
0
0
0
0
0
0
0
0
0
0
0
0
0
0
0
3
3
3
3
3
3
3
3
3
3
2
2
2
1
0
0
0
0
0
0
0
2
2
2
2
2
2
2
1
1
1
1
1
1
1
0
0
0
0
0
2
2
2
2
2
2
2
1
1
1
1
1
0
Map data
5
5
5
5
5
5
5
5
5
5
5
5
5
5
5
5
5
5
5
5
5
5
5
5
5
5
5
5
5
5
5
5
5
5
5
5
5
5
5
5
5
5
5
5
5
5
5
4
4
4
4
4
4
3
3
3
3
3
3
3
3
2
1
0
0
0
0
0
0
0
0
0
0
0
0
0
0
0
0
0
10
10
10
10
10
10
10
10
10
10
9
9
9
9
9
9
9
9
9
9
9
8
8
8
8
5
1
0
0
0
0
0
0
0
0
0
0
0
0
0
0
0
0
3
3
3
3
3
3
3
3
3
3
2
2
2
1
0
0
0
0
0
0
0
1
1
1
1
1
1
1
0
0
0
0
0
0
0
0
0
0
0
0
1
1
1
1
1
1
1
0
0
0
0
0
0
Reduce data
0
0
0
0
0
0
0
0
0
0
0
0
0
0
0
0
0
0
0
0
0
0
0
0
0
0
0
0
0
0
0
0
0
0
0
0
0
0
0
0
0
0
0
0
0
0
0
0
0
0
0
0
0
0
0
0
0
0
0
0
0
0
0
0
0
0
0
0
0
0
0
0
0
0
0
0
0
0
0
0
0
0
0
0
0
0
0
0
0
0
0
0
0
0
0
0
0
0
0
0
0
0
0
0
0
0
0
0
0
0
0
0
0
0
0
0
0
0
0
0
0
0
0
0
0
0
0
0
0
0
0
0
0
0
0
0
0
0
0
0
0
0
0
0
1
1
1
1
1
1
1
1
1
1
1
1
1
1
0
0
0
0
0
1
1
1
1
1
1
1
1
1
1
1
1
0
Total Maps:  20
Total Reduces:  2
