   1       0 ram0 0 0 0 0 0 0 0 0 0 0 0
   1       1 ram1 0 0 0 0 0 0 0 0 0 0 0
   1       2 ram2 0 0 0 0 0 0 0 0 0 0 0
   1       3 ram3 0 0 0 0 0 0 0 0 0 0 0
   1       4 ram4 0 0 0 0 0 0 0 0 0 0 0
   1       5 ram5 0 0 0 0 0 0 0 0 0 0 0
   1       6 ram6 0 0 0 0 0 0 0 0 0 0 0
   1       7 ram7 0 0 0 0 0 0 0 0 0 0 0
   1       8 ram8 0 0 0 0 0 0 0 0 0 0 0
   1       9 ram9 0 0 0 0 0 0 0 0 0 0 0
   1      10 ram10 0 0 0 0 0 0 0 0 0 0 0
   1      11 ram11 0 0 0 0 0 0 0 0 0 0 0
   1      12 ram12 0 0 0 0 0 0 0 0 0 0 0
   1      13 ram13 0 0 0 0 0 0 0 0 0 0 0
   1      14 ram14 0 0 0 0 0 0 0 0 0 0 0
   1      15 ram15 0 0 0 0 0 0 0 0 0 0 0
   7       0 loop0 0 0 0 0 0 0 0 0 0 0 0
   7       1 loop1 0 0 0 0 0 0 0 0 0 0 0
   7       2 loop2 0 0 0 0 0 0 0 0 0 0 0
   7       3 loop3 0 0 0 0 0 0 0 0 0 0 0
   7       4 loop4 0 0 0 0 0 0 0 0 0 0 0
   7       5 loop5 0 0 0 0 0 0 0 0 0 0 0
   7       6 loop6 0 0 0 0 0 0 0 0 0 0 0
   7       7 loop7 0 0 0 0 0 0 0 0 0 0 0
   2       0 fd0 0 0 0 0 0 0 0 0 0 0 0
   8       0 sda 152992 29 3720178 228144 6936 5507 397832 71064 0 119104 299148
   8       1 sda1 152842 29 3718978 228108 6935 5507 397832 71052 0 119068 299100
   8      16 sdb 2602 13108 31122 780 30591 36929 426351656 98912 0 3244 99688
   8      17 sdb1 2249 13086 28122 636 30541 36929 426351656 98680 0 2868 99312
   8      32 sdc 155950 99 27682186 6148012 102704 15703 43395456 16777752 0 662508 22925532
   8      33 sdc1 155800 99 27680986 6147576 102662 15703 43395456 16777740 0 662064 22925092
