   1       0 ram0 0 0 0 0 0 0 0 0 0 0 0
   1       1 ram1 0 0 0 0 0 0 0 0 0 0 0
   1       2 ram2 0 0 0 0 0 0 0 0 0 0 0
   1       3 ram3 0 0 0 0 0 0 0 0 0 0 0
   1       4 ram4 0 0 0 0 0 0 0 0 0 0 0
   1       5 ram5 0 0 0 0 0 0 0 0 0 0 0
   1       6 ram6 0 0 0 0 0 0 0 0 0 0 0
   1       7 ram7 0 0 0 0 0 0 0 0 0 0 0
   1       8 ram8 0 0 0 0 0 0 0 0 0 0 0
   1       9 ram9 0 0 0 0 0 0 0 0 0 0 0
   1      10 ram10 0 0 0 0 0 0 0 0 0 0 0
   1      11 ram11 0 0 0 0 0 0 0 0 0 0 0
   1      12 ram12 0 0 0 0 0 0 0 0 0 0 0
   1      13 ram13 0 0 0 0 0 0 0 0 0 0 0
   1      14 ram14 0 0 0 0 0 0 0 0 0 0 0
   1      15 ram15 0 0 0 0 0 0 0 0 0 0 0
   7       0 loop0 0 0 0 0 0 0 0 0 0 0 0
   7       1 loop1 0 0 0 0 0 0 0 0 0 0 0
   7       2 loop2 0 0 0 0 0 0 0 0 0 0 0
   7       3 loop3 0 0 0 0 0 0 0 0 0 0 0
   7       4 loop4 0 0 0 0 0 0 0 0 0 0 0
   7       5 loop5 0 0 0 0 0 0 0 0 0 0 0
   7       6 loop6 0 0 0 0 0 0 0 0 0 0 0
   7       7 loop7 0 0 0 0 0 0 0 0 0 0 0
   2       0 fd0 0 0 0 0 0 0 0 0 0 0 0
   8       0 sda 306879 60 69717474 17030376 40621 9849 15213464 8008244 0 755488 25038640
   8       1 sda1 306729 60 69716274 17029908 40498 9849 15213464 8008208 0 755008 25037968
   8      32 sdc 2077 13073 27010 740 29682 35846 426325400 98536 0 3132 99264
   8      33 sdc1 1722 13051 23994 648 29549 35846 426325400 98248 0 2752 98884
   8      16 sdb 284268 34 6644858 542052 18880 12290 937440 226328 0 259296 768260
   8      17 sdb1 284118 34 6643658 541996 18873 12290 937440 226124 0 259060 768000
